0.203208556149733
0.181818181818182
0.201871657754011
0.199197860962567
0.188502673796791
0.18048128342246
0.199197860962567
0.195187165775401
0.168449197860963
0.207219251336898
0.184491978609626
0.181818181818182
0.216577540106952
0.189839572192513
0.183155080213904
0.181818181818182
0.169786096256685
0.181818181818182
0.172459893048128
0.171122994652406
0.21524064171123
0.181818181818182
0.181818181818182
0.181818181818182
0.181818181818182
0.184491978609626
0.217914438502674
0.176470588235294
0.216577540106952
0.179144385026738
0.181818181818182
0.20855614973262
0.209893048128342
0.213903743315508
0.203208556149733
0.18048128342246
0.164438502673797
0.181818181818182
0.181818181818182
0.203208556149733
0.195187165775401
0.201871657754011
0.204545454545455
0.216577540106952
0.184491978609626
0.176470588235294
0.225935828877005
0.195187165775401
0.216577540106952
0.220588235294118
0.219251336898396
0.209893048128342
0.209893048128342
0.181818181818182
0.191176470588235
0.207219251336898
0.205882352941176
0.200534759358289
0.213903743315508
0.205882352941176
0.207219251336898
0.211229946524064
0.181818181818182
0.183155080213904
0.204545454545455
0.184491978609626
0.184491978609626
0.172459893048128
0.207219251336898
0.18048128342246
0.191176470588235
0.207219251336898
0.197860962566845
0.172459893048128
0.179144385026738
0.183155080213904
0.161764705882353
0.20855614973262
0.175133689839572
0.201871657754011
0.200534759358289
0.160427807486631
0.192513368983957
0.177807486631016
0.204545454545455
0.169786096256685
0.17379679144385
0.192513368983957
0.205882352941176
0.197860962566845
0.183155080213904
0.169786096256685
0.189839572192513
0.192513368983957
0.205882352941176
0.185828877005348
0.181818181818182
0.18048128342246
0.209893048128342
0.163101604278075
0.171122994652406
0.197860962566845
0.172459893048128
0.176470588235294
0.195187165775401
0.181818181818182
0.179144385026738
0.196524064171123
0.18048128342246
0.183155080213904
0.18048128342246
0.207219251336898
0.176470588235294
0.201871657754011
0.18048128342246
0.195187165775401
0.148395721925134
0.18048128342246
0.188502673796791
0.189839572192513
0.175133689839572
0.200534759358289
0.211229946524064
0.175133689839572
0.176470588235294
0.169786096256685
0.183155080213904
0.176470588235294
0.181818181818182
0.18716577540107
0.181818181818182
0.201871657754011
0.199197860962567
0.200534759358289
0.177807486631016
0.172459893048128
0.188502673796791
0.176470588235294
0.200534759358289
0.207219251336898
0.201871657754011
0.196524064171123
0.161764705882353
0.179144385026738
0.195187165775401
0.181818181818182
0.184491978609626
0.181818181818182
0.205882352941176
0.204545454545455
0.18716577540107
0.193850267379679
0.201871657754011
0.181818181818182
0.217914438502674
0.217914438502674
0.205882352941176
0.18048128342246
0.207219251336898
0.18048128342246
0.207219251336898
0.181818181818182
0.181818181818182
0.219251336898396
0.216577540106952
0.197860962566845
0.181818181818182
0.181818181818182
0.183155080213904
0.181818181818182
0.181818181818182
0.169786096256685
0.216577540106952
0.224598930481283
0.181818181818182
0.191176470588235
0.196524064171123
0.181818181818182
0.181818181818182
0.216577540106952
0.176470588235294
0.216577540106952
0.209893048128342
0.181818181818182
0.181818181818182
0.223262032085562
0.181818181818182
0.181818181818182
0.163101604278075
0.184491978609626
0.181818181818182
0.181818181818182
0.181818181818182
0.181818181818182
0.181818181818182
0.181818181818182
0.216577540106952
0.216577540106952
0.169786096256685
0.183155080213904
0.181818181818182
0.216577540106952
0.216577540106952
0.216577540106952
0.197860962566845
0.181818181818182
0.216577540106952
0.212566844919786
0.189839572192513
0.203208556149733
0.207219251336898
0.192513368983957
0.195187165775401
0.220588235294118
0.196524064171123
0.21524064171123
0.191176470588235
0.193850267379679
0.189839572192513
0.18716577540107
0.184491978609626
0.195187165775401
0.181818181818182
0.197860962566845
0.201871657754011
0.175133689839572
0.193850267379679
0.224598930481283
0.196524064171123
0.192513368983957
0.181818181818182
0.179144385026738
0.181818181818182
0.193850267379679
0.188502673796791
0.196524064171123
0.201871657754011
0.203208556149733
0.219251336898396
0.217914438502674
0.216577540106952
0.176470588235294
0.169786096256685
0.169786096256685
0.209893048128342
0.201871657754011
0.161764705882353
0.181818181818182
0.181818181818182
0.216577540106952
0.176470588235294
0.216577540106952
0.205882352941176
0.161764705882353
0.176470588235294
0.211229946524064
0.21524064171123
0.20855614973262
0.185828877005348
0.204545454545455
0.188502673796791
0.200534759358289
0.205882352941176
0.223262032085562
0.181818181818182
0.212566844919786
0.216577540106952
0.172459893048128
0.209893048128342
0.185828877005348
0.205882352941176
0.207219251336898
0.171122994652406
0.204545454545455
0.217914438502674
0.179144385026738
0.18048128342246
0.203208556149733
0.157754010695187
0.191176470588235
0.18048128342246
0.192513368983957
0.213903743315508
0.216577540106952
0.20855614973262
0.176470588235294
0.172459893048128
0.175133689839572
0.196524064171123
0.207219251336898
0.192513368983957
0.192513368983957
0.192513368983957
0.192513368983957
0.207219251336898
0.192513368983957
0.192513368983957
0.192513368983957
0.192513368983957
0.192513368983957
0.192513368983957
0.192513368983957
0.192513368983957
0.192513368983957
0.192513368983957
0.192513368983957
0.192513368983957
0.192513368983957
0.192513368983957
0.192513368983957
0.192513368983957
0.192513368983957
0.192513368983957
0.192513368983957
0.192513368983957
0.192513368983957
0.192513368983957
0.192513368983957
0.192513368983957
0.192513368983957
0.192513368983957
0.192513368983957
0.192513368983957
0.192513368983957
0.192513368983957
0.192513368983957
0.192513368983957
0.192513368983957
0.192513368983957
0.192513368983957
0.192513368983957
0.192513368983957
0.192513368983957
0.192513368983957
0.192513368983957
0.192513368983957
0.192513368983957
0.192513368983957
0.192513368983957
0.192513368983957
0.192513368983957
0.192513368983957
0.192513368983957
0.207219251336898
0.192513368983957
0.192513368983957
